2 3 4 5
1 3 4 5
1 2 4 5
1 2 3 5
1 2 3 4
7 8 9 10
6 8 9 10
6 7 9 10
6 7 8 10
6 7 8 9
12 13 14 15
11 13 14 15
11 12 14 15
11 12 13 15
11 12 13 14
17 18 19 20
16 18 19 20
16 17 19 20
16 17 18 20
16 17 18 19
22 23 24 25
21 23 24 25
21 22 24 25
21 22 23 25
21 22 23 24
27 28 29 30
26 28 29 30
26 27 29 30
26 27 28 30
26 27 28 29
32 33 34 35
31 33 34 35
31 32 34 35
31 32 33 35
31 32 33 34
37 38 39 40
36 38 39 40
36 37 39 40
36 37 38 40
36 37 38 39
42 43 44 45
41 43 44 45
41 42 44 45
41 42 43 45
41 42 43 44
47 48 49 50
46 48 49 50
46 47 49 50
46 47 48 50
46 47 48 49
52 53 54 55
51 53 54 55
51 52 54 55
51 52 53 55
51 52 53 54
57 58 59 60
56 58 59 60
56 57 59 60
56 57 58 60
56 57 58 59
62 63 64 65
61 63 64 65
61 62 64 65
61 62 63 65
61 62 63 64
67 68 69 70
66 68 69 70
66 67 69 70
66 67 68 70
66 67 68 69
72 73 74 75
71 73 74 75
71 72 74 75
71 72 73 75
71 72 73 74
77 78 79 80
76 78 79 80
76 77 79 80
76 77 78 80
76 77 78 79
82 83 84 85
81 83 84 85
81 82 84 85
81 82 83 85
81 82 83 84
87 88 89 90
86 88 89 90
86 87 89 90
86 87 88 90
86 87 88 89
92 93 94 95
91 93 94 95
91 92 94 95
91 92 93 95
91 92 93 94
97 98 99 100
96 98 99 100
96 97 99 100
96 97 98 100
96 97 98 99