2 3 4 5
1 3 4 5
1 2 4 5
1 2 3 5
1 2 3 4
7 8 9 10
6 8 9 10
6 7 9 10
6 7 8 10
6 7 8 9
12 13 14 15
11 13 14 15
11 12 14 15
11 12 13 15
11 12 13 14
17 18 19 20
16 18 19 20
16 17 19 20
16 17 18 20
16 17 18 19
22 23 24 25
21 23 24 25
21 22 24 25
21 22 23 25
21 22 23 24
27 28 29 30
26 28 29 30
26 27 29 30
26 27 28 30
26 27 28 29
32 33 34 35
31 33 34 35
31 32 34 35
31 32 33 35
31 32 33 34
37 38 39 40
36 38 39 40
36 37 39 40
36 37 38 40
36 37 38 39
42 43 44 45
41 43 44 45
41 42 44 45
41 42 43 45
41 42 43 44
47 48 49 50
46 48 49 50
46 47 49 50
46 47 48 50
46 47 48 49
52 53 54 55
51 53 54 55
51 52 54 55
51 52 53 55
51 52 53 54
57 58 59 60
56 58 59 60
56 57 59 60
56 57 58 60
56 57 58 59
62 63 64 65
61 63 64 65
61 62 64 65
61 62 63 65
61 62 63 64
67 68 69 70
66 68 69 70
66 67 69 70
66 67 68 70
66 67 68 69
72 73 74 75
71 73 74 75
71 72 74 75
71 72 73 75
71 72 73 74
77 78 79 80
76 78 79 80
76 77 79 80
76 77 78 80
76 77 78 79
82 83 84 85
81 83 84 85
81 82 84 85
81 82 83 85
81 82 83 84
87 88 89 90
86 88 89 90
86 87 89 90
86 87 88 90
86 87 88 89
92 93 94 95
91 93 94 95
91 92 94 95
91 92 93 95
91 92 93 94
97 98 99 100
96 98 99 100
96 97 99 100
96 97 98 100
96 97 98 99
102 103 104 105
101 103 104 105
101 102 104 105
101 102 103 105
101 102 103 104
107 108 109 110
106 108 109 110
106 107 109 110
106 107 108 110
106 107 108 109
112 113 114 115
111 113 114 115
111 112 114 115
111 112 113 115
111 112 113 114
117 118 119 120
116 118 119 120
116 117 119 120
116 117 118 120
116 117 118 119
122 123 124 125
121 123 124 125
121 122 124 125
121 122 123 125
121 122 123 124
127 128 129 130
126 128 129 130
126 127 129 130
126 127 128 130
126 127 128 129
132 133 134 135
131 133 134 135
131 132 134 135
131 132 133 135
131 132 133 134
137 138 139 140
136 138 139 140
136 137 139 140
136 137 138 140
136 137 138 139
142 143 144 145
141 143 144 145
141 142 144 145
141 142 143 145
141 142 143 144
147 148 149 150
146 148 149 150
146 147 149 150
146 147 148 150
146 147 148 149
152 153 154 155
151 153 154 155
151 152 154 155
151 152 153 155
151 152 153 154
157 158 159 160
156 158 159 160
156 157 159 160
156 157 158 160
156 157 158 159
162 163 164 165
161 163 164 165
161 162 164 165
161 162 163 165
161 162 163 164
167 168 169 170
166 168 169 170
166 167 169 170
166 167 168 170
166 167 168 169
172 173 174 175
171 173 174 175
171 172 174 175
171 172 173 175
171 172 173 174
177 178 179 180
176 178 179 180
176 177 179 180
176 177 178 180
176 177 178 179
182 183 184 185
181 183 184 185
181 182 184 185
181 182 183 185
181 182 183 184
187 188 189 190
186 188 189 190
186 187 189 190
186 187 188 190
186 187 188 189
192 193 194 195
191 193 194 195
191 192 194 195
191 192 193 195
191 192 193 194
197 198 199 200
196 198 199 200
196 197 199 200
196 197 198 200
196 197 198 199
202 203 204 205
201 203 204 205
201 202 204 205
201 202 203 205
201 202 203 204
207 208 209 210
206 208 209 210
206 207 209 210
206 207 208 210
206 207 208 209
212 213 214 215
211 213 214 215
211 212 214 215
211 212 213 215
211 212 213 214
217 218 219 220
216 218 219 220
216 217 219 220
216 217 218 220
216 217 218 219
222 223 224 225
221 223 224 225
221 222 224 225
221 222 223 225
221 222 223 224
227 228 229 230
226 228 229 230
226 227 229 230
226 227 228 230
226 227 228 229
232 233 234 235
231 233 234 235
231 232 234 235
231 232 233 235
231 232 233 234
237 238 239 240
236 238 239 240
236 237 239 240
236 237 238 240
236 237 238 239
242 243 244 245
241 243 244 245
241 242 244 245
241 242 243 245
241 242 243 244
247 248 249 250
246 248 249 250
246 247 249 250
246 247 248 250
246 247 248 249
252 253 254 255
251 253 254 255
251 252 254 255
251 252 253 255
251 252 253 254
257 258 259 260
256 258 259 260
256 257 259 260
256 257 258 260
256 257 258 259
262 263 264 265
261 263 264 265
261 262 264 265
261 262 263 265
261 262 263 264
267 268 269 270
266 268 269 270
266 267 269 270
266 267 268 270
266 267 268 269
272 273 274 275
271 273 274 275
271 272 274 275
271 272 273 275
271 272 273 274
277 278 279 280
276 278 279 280
276 277 279 280
276 277 278 280
276 277 278 279
282 283 284 285
281 283 284 285
281 282 284 285
281 282 283 285
281 282 283 284
287 288 289 290
286 288 289 290
286 287 289 290
286 287 288 290
286 287 288 289
292 293 294 295
291 293 294 295
291 292 294 295
291 292 293 295
291 292 293 294
297 298 299 300
296 298 299 300
296 297 299 300
296 297 298 300
296 297 298 299
302 303 304 305
301 303 304 305
301 302 304 305
301 302 303 305
301 302 303 304
307 308 309 310
306 308 309 310
306 307 309 310
306 307 308 310
306 307 308 309
312 313 314 315
311 313 314 315
311 312 314 315
311 312 313 315
311 312 313 314
317 318 319 320
316 318 319 320
316 317 319 320
316 317 318 320
316 317 318 319
322 323 324 325
321 323 324 325
321 322 324 325
321 322 323 325
321 322 323 324
327 328 329 330
326 328 329 330
326 327 329 330
326 327 328 330
326 327 328 329
332 333 334 335
331 333 334 335
331 332 334 335
331 332 333 335
331 332 333 334
337 338 339 340
336 338 339 340
336 337 339 340
336 337 338 340
336 337 338 339
342 343 344 345
341 343 344 345
341 342 344 345
341 342 343 345
341 342 343 344
347 348 349 350
346 348 349 350
346 347 349 350
346 347 348 350
346 347 348 349
352 353 354 355
351 353 354 355
351 352 354 355
351 352 353 355
351 352 353 354
357 358 359 360
356 358 359 360
356 357 359 360
356 357 358 360
356 357 358 359
362 363 364 365
361 363 364 365
361 362 364 365
361 362 363 365
361 362 363 364
367 368 369 370
366 368 369 370
366 367 369 370
366 367 368 370
366 367 368 369
372 373 374 375
371 373 374 375
371 372 374 375
371 372 373 375
371 372 373 374
377 378 379 380
376 378 379 380
376 377 379 380
376 377 378 380
376 377 378 379
382 383 384 385
381 383 384 385
381 382 384 385
381 382 383 385
381 382 383 384
387 388 389 390
386 388 389 390
386 387 389 390
386 387 388 390
386 387 388 389
392 393 394 395
391 393 394 395
391 392 394 395
391 392 393 395
391 392 393 394
397 398 399 400
396 398 399 400
396 397 399 400
396 397 398 400
396 397 398 399
402 403 404 405
401 403 404 405
401 402 404 405
401 402 403 405
401 402 403 404
407 408 409 410
406 408 409 410
406 407 409 410
406 407 408 410
406 407 408 409
412 413 414 415
411 413 414 415
411 412 414 415
411 412 413 415
411 412 413 414
417 418 419 420
416 418 419 420
416 417 419 420
416 417 418 420
416 417 418 419
422 423 424 425
421 423 424 425
421 422 424 425
421 422 423 425
421 422 423 424
427 428 429 430
426 428 429 430
426 427 429 430
426 427 428 430
426 427 428 429
432 433 434 435
431 433 434 435
431 432 434 435
431 432 433 435
431 432 433 434
437 438 439 440
436 438 439 440
436 437 439 440
436 437 438 440
436 437 438 439
442 443 444 445
441 443 444 445
441 442 444 445
441 442 443 445
441 442 443 444
447 448 449 450
446 448 449 450
446 447 449 450
446 447 448 450
446 447 448 449
452 453 454 455
451 453 454 455
451 452 454 455
451 452 453 455
451 452 453 454
457 458 459 460
456 458 459 460
456 457 459 460
456 457 458 460
456 457 458 459
462 463 464 465
461 463 464 465
461 462 464 465
461 462 463 465
461 462 463 464
467 468 469 470
466 468 469 470
466 467 469 470
466 467 468 470
466 467 468 469
472 473 474 475
471 473 474 475
471 472 474 475
471 472 473 475
471 472 473 474
477 478 479 480
476 478 479 480
476 477 479 480
476 477 478 480
476 477 478 479
482 483 484 485
481 483 484 485
481 482 484 485
481 482 483 485
481 482 483 484
487 488 489 490
486 488 489 490
486 487 489 490
486 487 488 490
486 487 488 489
492 493 494 495
491 493 494 495
491 492 494 495
491 492 493 495
491 492 493 494
497 498 499 500
496 498 499 500
496 497 499 500
496 497 498 500
496 497 498 499